0 0.2625 0.0671875 0.078125 0.12890625
0 0.0453125 0.69921875 0.08203125 0.13671875
0 0.246875 0.3484375 0.0640625 0.10078125
0 0.38828125 0.49921875 0.096875 0.13515625
0 0.56796875 0.5953125 0.05390625 0.13125
3 0.11796875 0.1375 0.09453125 0.11640625
2 0.38828125 0.240625 0.08046875 0.128125
0 0.4109375 0.1359375 0.0609375 0.09140625
3 0.40625 0.05 0.06171875 0.0734375
3 0.2484375 0.25625 0.0671875 0.06796875
3 0.53203125 0.28515625 0.06015625 0.10625
3 0.04765625 0.578125 0.0796875 0.09765625
3 0.38828125 0.3703125 0.084375 0.10859375
2 0.15546875 0.0375 0.06953125 0.07421875
2 0.528125 0.17265625 0.06875 0.1046875
2 0.05234375 0.446875 0.075 0.1375
2 0.253125 0.1734375 0.071875 0.08984375