0 0.615625 0.22890625 0.09609375 0.17890625
2 0.715625 0.18984375 0.084375 0.16796875
2 0.2296875 0.353125 0.05625 0.1640625
3 0.83828125 0.50703125 0.0734375 0.1890625
3 0.7390625 0.35078125 0.09296875 0.175
2 0.853125 0.403125 0.103125 0.16796875
2 0.646875 0.42265625 0.0875 0.14375
2 0.63671875 0.60234375 0.09375 0.18125
3 0.5390625 0.71875 0.09140625 0.20546875
2 0.36328125 0.49765625 0.1 0.19921875
2 0.4421875 0.25703125 0.0890625 0.175
3 0.33515625 0.2140625 0.07109375 0.165625
2 0.5390625 0.16171875 0.09140625 0.13828125
0 0.4765625 0.471875 0.09140625 0.190625
0 0.2671875 0.66953125 0.08203125 0.1875
0 0.76015625 0.66015625 0.10390625 0.215625