0 0.20546875 0.34921875 0.0546875 0.075
3 0.21484375 0.27109375 0.06875 0.06796875
2 0.22421875 0.209375 0.0671875 0.071875
0 0.27890625 0.51171875 0.09765625 0.10546875
3 0.2875 0.41328125 0.090625 0.10078125
2 0.29765625 0.3203125 0.08828125 0.09296875
2 0.509375 0.05859375 0.07265625 0.0734375
3 0.48359375 0.83203125 0.09140625 0.096875
2 0.4859375 0.73125 0.07578125 0.10390625
0 0.23203125 0.86171875 0.065625 0.08828125
3 0.234375 0.775 0.07578125 0.071875
2 0.24609375 0.68359375 0.0734375 0.08671875
3 0.5953125 0.625 0.1046875 0.09765625
2 0.6015625 0.53359375 0.08359375 0.10625
2 0.73046875 0.6234375 0.0859375 0.11484375
3 0.4296875 0.38984375 0.09453125 0.09609375
3 0.60625 0.3765625 0.0703125 0.07265625
3 0.6859375 0.18984375 0.0875 0.08359375
3 0.81953125 0.28359375 0.10390625 0.0875
0 0.81328125 0.609375 0.065625 0.0875
3 0.80546875 0.52421875 0.0703125 0.07421875
3 0.7359375 0.73046875 0.1046875 0.10546875
0 0.57421875 0.121875 0.05390625 0.0890625
3 0.57265625 0.0484375 0.06015625 0.05859375
0 0.4859375 0.940625 0.08671875 0.10546875
0 0.7328125 0.8484375 0.10625 0.121875
0 0.3984375 0.121875 0.06015625 0.1140625