0 0.37734375 0.48359375 0.0453125 0.09765625
2 0.3765625 0.42421875 0.04140625 0.09765625
2 0.67734375 0.62421875 0.0578125 0.18515625
2 0.6796875 0.6234375 0.05078125 0.18359375
0 0.74140625 0.55859375 0.0421875 0.05390625
3 0.7375 0.5015625 0.05078125 0.05859375
0 0.35078125 0.69375 0.04375 0.053125
3 0.3453125 0.63515625 0.04609375 0.05859375
2 0.7109375 0.70234375 0.0390625 0.10859375
2 0.71015625 0.70390625 0.04921875 0.1046875
2 0.4609375 0.51328125 0.05 0.171875
3 0.46328125 0.31015625 0.05390625 0.10625
2 0.5671875 0.1859375 0.0421875 0.16875
2 0.4484375 0.78515625 0.05625 0.17890625
0 0.6296875 0.39296875 0.04765625 0.1125
0 0.6296875 0.38984375 0.04765625 0.11484375
0 0.71015625 0.765625 0.04296875 0.11171875
2 0.34765625 0.5796875 0.03203125 0.0453125
2 0.6265625 0.32109375 0.04453125 0.1171875